<?xml version="1.0"?>
<opencv_storage>
<pictures>
  <_ type_id="opencv-matrix">
    <rows>1</rows>
    <cols>3</cols>
    <dt>d</dt>
    <data>
      1.4440462486977611e+02 3.0928640959015900e+02
      2.4810050399551398e+02</data></_>
  <_ type_id="opencv-matrix">
    <rows>1</rows>
    <cols>3</cols>
    <dt>d</dt>
    <data>
      5.8591898328803256e+02 3.1589816431786670e+02
      2.9505354610701909e+02</data></_>
  <_ type_id="opencv-matrix">
    <rows>1</rows>
    <cols>3</cols>
    <dt>d</dt>
    <data>
      1.9600008913061993e+02 1.4751060995222207e+02
      1.3377595131726480e+02</data></_>
  <_ type_id="opencv-matrix">
    <rows>1</rows>
    <cols>3</cols>
    <dt>d</dt>
    <data>
      4.3080836770964112e+02 2.5472317805940969e+02
      2.3882983624868433e+02</data></_>
  <_ type_id="opencv-matrix">
    <rows>1</rows>
    <cols>3</cols>
    <dt>d</dt>
    <data>
      1.5592668879344006e+02 1.8989076153665692e+02
      1.7291381478045923e+02</data></_>
  <_ type_id="opencv-matrix">
    <rows>1</rows>
    <cols>3</cols>
    <dt>d</dt>
    <data>
      1.6062073788662514e+02 2.0797895684937819e+02
      1.8262678834711681e+02</data></_>
  <_ type_id="opencv-matrix">
    <rows>1</rows>
    <cols>3</cols>
    <dt>d</dt>
    <data>
      1.5757116129600283e+02 2.1542361993215496e+02
      1.8791845829555203e+02</data></_>
  <_ type_id="opencv-matrix">
    <rows>1</rows>
    <cols>3</cols>
    <dt>d</dt>
    <data>
      1.6872272314878080e+02 3.6468364136853347e+02
      2.6319731839259020e+02</data></_>
  <_ type_id="opencv-matrix">
    <rows>1</rows>
    <cols>3</cols>
    <dt>d</dt>
    <data>
      1.6430221030391678e+02 2.5358892215070895e+02
      2.0811257174432737e+02</data></_>
  <_ type_id="opencv-matrix">
    <rows>1</rows>
    <cols>3</cols>
    <dt>d</dt>
    <data>
      2.3969872340425533e+02 2.1138619286261056e+02
      2.0109803466075522e+02</data></_>
  <_ type_id="opencv-matrix">
    <rows>1</rows>
    <cols>3</cols>
    <dt>d</dt>
    <data>
      1.4429089065541856e+02 2.3289428458900858e+02
      2.0660390244872391e+02</data></_>
  <_ type_id="opencv-matrix">
    <rows>1</rows>
    <cols>3</cols>
    <dt>d</dt>
    <data>
      2.1202134505658967e+02 1.8802451945312578e+02
      1.6798031462041533e+02</data></_>
  <_ type_id="opencv-matrix">
    <rows>1</rows>
    <cols>3</cols>
    <dt>d</dt>
    <data>
      2.0388376310756448e+02 1.7883456262094683e+02
      1.5111027448367253e+02</data></_>
  <_ type_id="opencv-matrix">
    <rows>1</rows>
    <cols>3</cols>
    <dt>d</dt>
    <data>
      1.1199005154453376e+02 3.0982870821231944e+02
      2.6470977610986694e+02</data></_>
  <_ type_id="opencv-matrix">
    <rows>1</rows>
    <cols>3</cols>
    <dt>d</dt>
    <data>
      1.0159930350639338e+02 3.0792679172008178e+02
      2.7130011859263755e+02</data></_>
  <_ type_id="opencv-matrix">
    <rows>1</rows>
    <cols>3</cols>
    <dt>d</dt>
    <data>
      1.5784520278497612e+02 3.1445502579551311e+02
      2.5296109449087268e+02</data></_>
  <_ type_id="opencv-matrix">
    <rows>1</rows>
    <cols>3</cols>
    <dt>d</dt>
    <data>
      1.8521677594660051e+02 2.5166958534948014e+02
      2.0857828112172822e+02</data></_>
  <_ type_id="opencv-matrix">
    <rows>1</rows>
    <cols>3</cols>
    <dt>d</dt>
    <data>
      2.1719697794294865e+02 1.7581804801859047e+02
      1.5031964792084966e+02</data></_>
  <_ type_id="opencv-matrix">
    <rows>1</rows>
    <cols>3</cols>
    <dt>d</dt>
    <data>
      1.1878305480579644e+02 2.4018514338811303e+02
      2.1916771698255744e+02</data></_>
  <_ type_id="opencv-matrix">
    <rows>1</rows>
    <cols>3</cols>
    <dt>d</dt>
    <data>
      1.8404750639632806e+02 2.1288651300484557e+02
      1.9016306445286290e+02</data></_>
  <_ type_id="opencv-matrix">
    <rows>1</rows>
    <cols>3</cols>
    <dt>d</dt>
    <data>
      1.4942504516359256e+02 2.3150360783502165e+02
      2.0834009664706090e+02</data></_>
  <_ type_id="opencv-matrix">
    <rows>1</rows>
    <cols>3</cols>
    <dt>d</dt>
    <data>
      1.1409400885461297e+02 3.0246322084793445e+02
      2.6123187146750070e+02</data></_>
  <_ type_id="opencv-matrix">
    <rows>1</rows>
    <cols>3</cols>
    <dt>d</dt>
    <data>
      1.5849989177020649e+02 2.4906518485811978e+02
      2.1580790144409653e+02</data></_>
  <_ type_id="opencv-matrix">
    <rows>1</rows>
    <cols>3</cols>
    <dt>d</dt>
    <data>
      2.9838749371573579e+02 2.0451887012981268e+02
      2.2326353691482433e+02</data></_>
  <_ type_id="opencv-matrix">
    <rows>1</rows>
    <cols>3</cols>
    <dt>d</dt>
    <data>
      1.4970985908249332e+02 3.3919534274596356e+02
      2.6037804151210850e+02</data></_>
  <_ type_id="opencv-matrix">
    <rows>1</rows>
    <cols>3</cols>
    <dt>d</dt>
    <data>
      1.9212650070621470e+02 1.6354440294107906e+02
      1.4708128942643012e+02</data></_>
  <_ type_id="opencv-matrix">
    <rows>1</rows>
    <cols>3</cols>
    <dt>d</dt>
    <data>
      1.5416538494403144e+02 1.8575121856425520e+02
      1.7099883280977994e+02</data></_>
  <_ type_id="opencv-matrix">
    <rows>1</rows>
    <cols>3</cols>
    <dt>d</dt>
    <data>
      1.4784011402896033e+02 2.4528078946346983e+02
      2.0912335968033682e+02</data></_>
  <_ type_id="opencv-matrix">
    <rows>1</rows>
    <cols>3</cols>
    <dt>d</dt>
    <data>
      1.3288335469694195e+02 2.4984375614567023e+02
      2.2547486122356804e+02</data></_>
  <_ type_id="opencv-matrix">
    <rows>1</rows>
    <cols>3</cols>
    <dt>d</dt>
    <data>
      1.3497432039664901e+02 2.3490483249121021e+02
      2.2190391062867687e+02</data></_>
  <_ type_id="opencv-matrix">
    <rows>1</rows>
    <cols>3</cols>
    <dt>d</dt>
    <data>
      2.5370061314723236e+02 1.9055014288952998e+02
      1.9298565282041085e+02</data></_>
  <_ type_id="opencv-matrix">
    <rows>1</rows>
    <cols>3</cols>
    <dt>d</dt>
    <data>
      9.5512657506129202e+01 2.7975196728064151e+02
      2.5348199826000726e+02</data></_>
  <_ type_id="opencv-matrix">
    <rows>1</rows>
    <cols>3</cols>
    <dt>d</dt>
    <data>
      3.4174948366503941e+02 1.9984865524591879e+02
      2.2101613238290133e+02</data></_>
  <_ type_id="opencv-matrix">
    <rows>1</rows>
    <cols>3</cols>
    <dt>d</dt>
    <data>
      3.6095513123271036e+02 2.4749086157806605e+02
      2.5310607019289705e+02</data></_>
  <_ type_id="opencv-matrix">
    <rows>1</rows>
    <cols>3</cols>
    <dt>d</dt>
    <data>
      1.1834056289294907e+02 3.2714369788735246e+02
      2.7227862097918188e+02</data></_>
  <_ type_id="opencv-matrix">
    <rows>1</rows>
    <cols>3</cols>
    <dt>d</dt>
    <data>
      1.9634746901597731e+02 1.9892939749536905e+02
      1.6220431417792761e+02</data></_>
  <_ type_id="opencv-matrix">
    <rows>1</rows>
    <cols>3</cols>
    <dt>d</dt>
    <data>
      5.1009946304301474e+02 3.0662470647482877e+02
      2.9569157953189585e+02</data></_>
  <_ type_id="opencv-matrix">
    <rows>1</rows>
    <cols>3</cols>
    <dt>d</dt>
    <data>
      1.9308468377577401e+02 1.9524141051543202e+02
      1.6655438716250183e+02</data></_>
  <_ type_id="opencv-matrix">
    <rows>1</rows>
    <cols>3</cols>
    <dt>d</dt>
    <data>
      3.8665364869696623e+02 1.9159921835657880e+02
      1.9489485452050064e+02</data></_>
  <_ type_id="opencv-matrix">
    <rows>1</rows>
    <cols>3</cols>
    <dt>d</dt>
    <data>
      1.9773754718587688e+02 1.4048962204722545e+02
      1.3683248479757768e+02</data></_>
  <_ type_id="opencv-matrix">
    <rows>1</rows>
    <cols>3</cols>
    <dt>d</dt>
    <data>
      2.2124743006910694e+02 1.6740851889206266e+02
      1.3649713891016447e+02</data></_>
  <_ type_id="opencv-matrix">
