<?xml version="1.0"?>
<opencv_storage>
<pictures>
  <_ type_id="opencv-matrix">
    <rows>1</rows>
    <cols>16</cols>
    <dt>d</dt>
    <data>
      2.0241274725274721e+02 2.4394824072884623e-03
      9.3335719591658428e-03 1.6684218679999108e-01
      3.3040436208433908e+02 1.5510981907380374e-06
      8.6768534440282603e-03 1.5709334653933860e-01
      1.2906897270419748e+02 2.8668093071426782e-03
      9.7666215774588807e-03 1.7307580485276983e-01
      3.3046566705342923e+02 4.2853325706146330e-07
      8.5837322158549504e-03 1.5488372800231001e-01</data></_>
  <_ type_id="opencv-matrix">
    <rows>1</rows>
    <cols>16</cols>
    <dt>d</dt>
    <data>
      2.4681461559999411e+02 1.9081491308242139e-03
      2.1799758275018923e-02 2.6892058101824479e-01
      4.5616998456163157e+02 -6.5758278252648519e-05
      2.1412962531738956e-02 2.3891871812151169e-01
      2.1249474862639383e+02 2.0170384195809586e-03
      2.1594589513479593e-02 2.6460532226753058e-01
      4.5623674627152332e+02 -6.6419044509701076e-05
      2.1412876647206359e-02 2.3780714856109192e-01</data></_>
  <_ type_id="opencv-matrix">
    <rows>1</rows>
    <cols>16</cols>
    <dt>d</dt>
    <data>
      8.9149530111862646e+01 5.4064841248790407e-03
      5.3757153842341233e-03 1.0494693663541596e-01
      1.5435017439320359e+02 1.2313751233101756e-04
      8.0421971029503558e-03 1.4441014108460423e-01
      6.7710215718816173e+01 5.9641504693864348e-03
      5.2323253051219541e-03 1.0960137861418397e-01
      1.5449207928605773e+02 1.1145224707538729e-04
      8.0501454829072054e-03 1.4170364581286504e-01</data></_>
  <_ type_id="opencv-matrix">
    <rows>1</rows>
    <cols>16</cols>
    <dt>d</dt>
    <data>
      2.2746674582364483e+02 2.1238424077084286e-03
      1.2282770720716299e-01 4.7346443449274522e-01
      3.9622209002577836e+02 -3.5187506578215655e-05
      1.1701854018305169e-01 4.5859472566768489e-01
      1.7107090749285874e+02 2.3552302151616357e-03
      1.2352212167229372e-01 4.7552430787633054e-01
      3.9630301628219536e+02 -3.6232791509106902e-05
      1.1666261836234568e-01 4.5622524211512577e-01</data></_>
  <_ type_id="opencv-matrix">
    <rows>1</rows>
    <cols>16</cols>
    <dt>d</dt>
    <data>
      1.9304007339449538e+02 2.4206286782141153e-03
      1.3082224812726199e-02 2.0180264322966476e-01
      3.5980670515342604e+02 -3.8463440695682401e-05
      1.2958515668557689e-02 1.7855718925368791e-01
      1.6903408647959535e+02 2.5392534179521161e-03
      1.3131725667863310e-02 2.0373003759534311e-01
      3.5984427570737796e+02 -3.9051861505483518e-05
      1.2900097269456359e-02 1.7772289725334817e-01</data></_>
  <_ type_id="opencv-matrix">
    <rows>1</rows>
    <cols>16</cols>
    <dt>d</dt>
    <data>
      2.4772687435117729e+02 1.7862125171798097e-03
      2.0208062169531398e-02 2.4361052782666148e-01
      5.0584261938551708e+02 -3.4870318772685721e-05
      1.7961073434435714e-02 2.1494622813646161e-01
      2.5930304311073542e+02 1.7570220745609679e-03
      1.9913442623408752e-02 2.4011281676073146e-01
      5.0586757469082340e+02 -3.5068801683961603e-05
      1.8076035886094421e-02 2.1458703594971726e-01</data></_>
  <_ type_id="opencv-matrix">
    <rows>1</rows>
    <cols>16</cols>
    <dt>d</dt>
    <data>
      2.2715057892249530e+02 1.9743528635507118e-03
      6.4002322198804140e-02 3.6713967326810393e-01
      4.5372452908423179e+02 -3.4601765503047049e-05
      5.8780350110899604e-02 3.4010736489262561e-01
      2.2795123428073518e+02 1.9716167355439194e-03
      6.2101279241592554e-02 3.5761724031681413e-01
      4.5375382063736527e+02 -3.4890785070791863e-05
      5.8976734311449779e-02 3.3902881758103420e-01</data></_>
  <_ type_id="opencv-matrix">
    <rows>1</rows>
    <cols>16</cols>
    <dt>d</dt>
    <data>
      1.2205813184306567e+02 4.0111544504698735e-03
      3.9670292347569565e-03 1.0198557256133327e-01
      2.0337829341210553e+02 6.9352957978967511e-05
      3.6705625470924651e-03 9.4907420742673207e-02
      8.1901786604880755e+01 4.6049634768750222e-03
      4.0431267335977045e-03 1.0391608624199064e-01
      2.0342365020584944e+02 6.7190878600856794e-05
      3.6421936330376598e-03 9.3170460844658423e-02</data></_>
  <_ type_id="opencv-matrix">
    <rows>1</rows>
    <cols>16</cols>
    <dt>d</dt>
    <data>
      3.1853541979010498e+02 1.5293853950862416e-03
      1.0777246534847969e-02 1.8868646122208702e-01
      5.4474133233110967e+02 -2.5951443775256142e-05
      9.6232084567821254e-03 1.6449905479333521e-01
      2.2695016327973877e+02 1.7297224305620467e-03
      1.0937422190620988e-02 1.9217451681810180e-01
      5.4477352876695170e+02 -2.6171499458556901e-05
      9.5747891905518679e-03 1.6209893786723881e-01</data></_>
  <_ type_id="opencv-matrix">
    <rows>1</rows>
    <cols>16</cols>
    <dt>d</dt>
    <data>
      3.2611047093324129e+02 1.4785866298324295e-03
      5.6211278925372699e-01 8.6441666576378651e-01
      5.7031863898500580e+02 -2.0687174201188285e-05
      5.4432176525132070e-01 8.3801536977406166e-01
      2.4499540441176472e+02 1.6372782582220451e-03
      5.5796811747303465e-01 8.6209272366530443e-01
      5.7033467128027678e+02 -2.0786914287878060e-05
      5.4460420519656383e-01 8.3699931825541452e-01</data></_>
  <_ type_id="opencv-matrix">
    <rows>1</rows>
    <cols>16</cols>
    <dt>d</dt>
    <data>
      1.6233291346734538e+02 2.9531054125211879e-03
      2.8741775558094193e-02 2.7298668829491207e-01
      2.8674384740114806e+02 -1.7667675240740813e-05
      2.6749214208778301e-02 2.5500439927800655e-01
      1.2646982867655512e+02 3.2289283152510577e-03
      2.8073087412539929e-02 2.6756782625830172e-01
      2.8688763892849016e+02 -2.1183012046517172e-05
      2.6511455258694520e-02 2.5022978781970701e-01</data></_>
  <_ type_id="opencv-matrix">
    <rows>1</rows>
    <cols>16</cols>
    <dt>d</dt>
    <data>
      2.5243871097683791e+02 1.9187058210374890e-03
      7.1064301717708181e-02 3.9595732074516687e-01
      4.3739672585604802e+02 -3.3834610608055771e-05
      6.7051425543958709e-02 3.7580953303465142e-01
      1.8644695038505915e+02 2.1410545217982239e-03
      7.1559284256281247e-02 3.9685559937644899e-01
      4.3750420874854495e+02 -3.4974795512189394e-05
      6.6396964248326612e-02 3.7068824815118961e-01</data></_>
  <_ type_id="opencv-matrix">
    <rows>1</rows>
    <cols>16</cols>
    <dt>d</dt>
    <data>
      3.1910362287210830e+02 1.5427140397203207e-03
      1.9339400734238787e-02 2.3699123650316545e-01
      5.2979928817317227e+02 -3.0059754911617303e-05
      1.7103317915014932e-02 2.1308549307288807e-01
      2.1155128453520368e+02 1.7938181444498110e-03
      1.9048156845123284e-02 2.3387375439511751e-01
      5.2983320691600056e+02 -3.0305272290358493e-05
      1.7163800769669682e-02 2.1134324921616854e-01</data></_>
  <_ type_id="opencv-matrix">
    <rows>1</rows>
    <cols>16</cols>
    <dt>d</dt>
    <data>
      3.3186045455483764e+02 1.4864969411044521e-03
      1.1658432605219137e-02 1.9418210364597946e-01
      5.4741774719304590e+02 -2.9725824804575033e-05
      1.0442479088637460e-02 1.7351753791506977e-01
      2.1653720882292311e+02 1.7398481484790611e-03
      1.1599652110739659e-02 1.9399449770405469e-01
      5.4744715682723654e+02 -2.9925288648067812e-05
      1.0392536503789738e-02 1.7045861713560256e-01</data></_>
  <_ type_id="opencv-matrix">
    <rows>1</rows>
    <cols>16</cols>
    <dt>d</dt>
    <data>
      2.9089273519163760e+02 1.6730290642664122e-03
      2.3120921705981616e-02 2.5593147587110004e-01
      4.9900706470007776e+02 -3.5238181738098017e-05
      2.1664986302655894e-02 2.3618072116237823e-01
      2.0980257936507937e+02 1.8852572723230706e-03
      2.3086644150823468e-02 2.5506394716114705e-01
